[
  {
    "id": 14,
    "buttonId": 7,
    "name": "",
    "order": 0,
    "delay": 0,
    "code": [
      -23,
      20,
      70,
      0,
      -33,
      9,
      22,
      9,
      9,
      22,
      9,
      22,
      22,
      9,
      22,
      9,
      22,
      9,
      9,
      22,
      22,
      9,
      9,
      22,
      22,
      9,
      22,
      9,
      22,
      9,
      9,
      22,
      9,
      22,
      9,
      22,
      22,
      9,
      9,
      22,
      22,
      9,
      9,
      22,
      22,
      9,
      22,
      9,
      9,
      22,
      22,
      9,
      9,
      22,
      22,
      9,
      9,
      22,
      9,
      22,
      9,
      22,
      9,
      22,
      22,
      9,
      9,
      22,
      22,
      9,
      9,
      0,
      1,
      72
    ]
  },
  {
    "id": 15,
    "buttonId": 8,
    "name": "",
    "order": 0,
    "delay": 0,
    "code": [
      -23,
      20,
      70,
      0,
      -33,
      9,
      9,
      22,
      9,
      22,
      22,
      9,
      22,
      9,
      9,
      22,
      22,
      9,
      9,
      22,
      22,
      9,
      9,
      22,
      9,
      22,
      9,
      22,
      9,
      22,
      22,
      9,
      9,
      22,
      22,
      9,
      9,
      22,
      9,
      22,
      9,
      22,
      9,
      22,
      22,
      9,
      22,
      9,
      22,
      9,
      22,
      9,
      9,
      22,
      9,
      22,
      9,
      22,
      22,
      9,
      9,
      22,
      22,
      9,
      22,
      9,
      22,
      9,
      9,
      22,
      9,
      0,
      1,
      72
    ]
  },
  {
    "id": 16,
    "buttonId": 9,
    "name": "",
    "order": 0,
    "delay": 0,
    "code": [
      -23,
      20,
      70,
      0,
      -33,
      9,
      9,
      22,
      9,
      22,
      22,
      9,
      22,
      9,
      22,
      9,
      22,
      9,
      22,
      9,
      9,
      22,
      9,
      22,
      9,
      22,
      9,
      22,
      22,
      9,
      22,
      9,
      22,
      9,
      9,
      22,
      22,
      9,
      9,
      22,
      9,
      22,
      22,
      9,
      9,
      22,
      22,
      9,
      9,
      22,
      9,
      22,
      9,
      22,
      9,
      22,
      9,
      22,
      9,
      22,
      22,
      9,
      9,
      22,
      9,
      22,
      22,
      9,
      9,
      22,
      9,
      0,
      1,
      72
    ]
  },
  {
    "id": 17,
    "buttonId": 10,
    "name": "",
    "order": 0,
    "delay": 0,
    "code": [
      -23,
      20,
      70,
      0,
      -33,
      9,
      22,
      9,
      9,
      22,
      22,
      9,
      9,
      22,
      22,
      9,
      9,
      22,
      22,
      9,
      9,
      22,
      9,
      22,
      9,
      22,
      22,
      9,
      9,
      22,
      9,
      22,
      9,
      22,
      22,
      9,
      22,
      9,
      9,
      22,
      9,
      22,
      9,
      22,
      22,
      9,
      9,
      22,
      9,
      22,
      22,
      9,
      9,
      22,
      22,
      9,
      9,
      22,
      9,
      22,
      9,
      22,
      9,
      22,
      22,
      9,
      22,
      9,
      9,
      22,
      9,
      0,
      1,
      72
    ]
  },
  {
    "id": 18,
    "buttonId": 11,
    "name": "",
    "order": 0,
    "delay": 0,
    "code": [
      -23,
      20,
      70,
      0,
      -33,
      9,
      9,
      22,
      9,
      22,
      9,
      22,
      22,
      9,
      22,
      9,
      22,
      9,
      22,
      9,
      22,
      9,
      22,
      9,
      22,
      9,
      22,
      9,
      9,
      22,
      9,
      22,
      9,
      22,
      9,
      22,
      22,
      9,
      9,
      22,
      9,
      22,
      9,
      22,
      22,
      9,
      9,
      22,
      22,
      9,
      22,
      9,
      22,
      9,
      22,
      9,
      22,
      9,
      22,
      9,
      9,
      22,
      9,
      22,
      22,
      9,
      22,
      9,
      9,
      22,
      9,
      0,
      1,
      72
    ]
  },
  {
    "id": 19,
    "buttonId": 12,
    "name": "",
    "order": 0,
    "delay": 0,
    "code": [
      -23,
      20,
      70,
      0,
      -33,
      9,
      9,
      22,
      9,
      22,
      9,
      22,
      22,
      9,
      9,
      22,
      9,
      22,
      22,
      9,
      9,
      22,
      9,
      22,
      9,
      22,
      9,
      22,
      9,
      22,
      22,
      9,
      22,
      9,
      22,
      9,
      9,
      22,
      22,
      9,
      22,
      9,
      9,
      22,
      9,
      22,
      9,
      22,
      9,
      22,
      9,
      22,
      22,
      9,
      22,
      9,
      22,
      9,
      9,
      22,
      22,
      9,
      22,
      9,
      22,
      9,
      9,
      22,
      9,
      22,
      9,
      0,
      1,
      72
    ]
  },
  {
    "id": 20,
    "buttonId": 13,
    "name": "",
    "order": 0,
    "delay": 0,
    "code": [
      -23,
      20,
      70,
      0,
      -33,
      9,
      9,
      22,
      22,
      9,
      9,
      22,
      9,
      22,
      22,
      9,
      22,
      9,
      9,
      22,
      9,
      22,
      22,
      9,
      9,
      22,
      22,
      9,
      9,
      22,
      22,
      9,
      9,
      22,
      22,
      9,
      9,
      22,
      22,
      9,
      22,
      9,
      9,
      22,
      22,
      9,
      9,
      22,
      22,
      9,
      22,
      9,
      22,
      9,
      9,
      22,
      22,
      9,
      9,
      22,
      9,
      22,
      22,
      9,
      22,
      9,
      22,
      9,
      9,
      22,
      9,
      0,
      1,
      72
    ]
  },
  {
    "id": 21,
    "buttonId": 14,
    "name": "",
    "order": 0,
    "delay": 0,
    "code": [
      -23,
      20,
      70,
      0,
      -33,
      9,
      22,
      9,
      9,
      22,
      9,
      22,
      9,
      22,
      22,
      9,
      22,
      9,
      9,
      22,
      22,
      9,
      9,
      22,
      9,
      22,
      9,
      22,
      9,
      22,
      22,
      9,
      9,
      22,
      22,
      9,
      9,
      22,
      9,
      22,
      9,
      22,
      22,
      9,
      9,
      22,
      22,
      9,
      22,
      9,
      9,
      22,
      22,
      9,
      22,
      9,
      9,
      22,
      22,
      9,
      9,
      22,
      22,
      9,
      22,
      9,
      9,
      22,
      22,
      9,
      9,
      0,
      1,
      72
    ]
  },
  {
    "id": 22,
    "buttonId": 16,
    "name": "",
    "order": 0,
    "delay": 0,
    "code": [
      38,
      0,
      76,
      1,
      -89,
      69,
      13,
      57,
      13,
      22,
      13,
      22,
      13,
      21,
      13,
      57,
      13,
      22,
      13,
      21,
      13,
      22,
      13,
      22,
      12,
      58,
      13,
      21,
      13,
      57,
      13,
      57,
      13,
      22,
      13,
      57,
      13,
      57,
      13,
      57,
      13,
      57,
      13,
      57,
      13,
      22,
      13,
      22,
      12,
      58,
      13,
      21,
      13,
      22,
      13,
      21,
      13,
      22,
      13,
      22,
      12,
      22,
      13,
      57,
      13,
      57,
      13,
      57,
      13,
      57,
      13,
      58,
      12,
      22,
      13,
      57,
      13,
      57,
      13,
      22,
      13,
      22,
      12,
      22,
      12,
      23,
      12,
      22,
      13,
      22,
      13,
      21,
      13,
      22,
      12,
      22,
      12,
      23,
      12,
      23,
      11,
      23,
      12,
      58,
      12,
      58,
      12,
      58,
      12,
      59,
      11,
      23,
      12,
      23,
      12,
      22,
      12,
      23,
      12,
      0,
      3,
      -56,
      -91,
      71,
      11,
      59,
      12,
      23,
      12,
      23,
      10,
      24,
      11,
      59,
      11,
      24,
      10,
      24,
      11,
      24,
      10,
      24,
      11,
      59,
      11,
      24,
      11,
      59,
      11,
      59,
      11,
      24,
      10,
      60,
      11,
      59,
      11,
      59,
      11,
      59,
      11,
      59,
      11,
      24,
      11,
      23,
      11,
      60,
      10,
      24,
      11,
      24,
      10,
      24,
      11,
      24,
      10,
      24,
      11,
      24,
      11,
      24,
      10,
      24,
      11,
      24,
      10,
      24,
      11,
      59,
      11,
      59,
      11,
      24,
      11,
      24,
      10,
      60,
      10,
      24,
      11,
      59,
      11,
      59,
      11,
      60,
      10,
      24,
      11,
      24,
      10,
      24,
      11,
      59,
      11,
      59,
      11,
      24,
      11,
      24,
      10,
      60,
      10,
      24,
      11,
      24,
      10,
      24,
      11,
      59,
      11,
      24,
      11,
      59,
      11,
      24,
      10,
      24,
      11,
      24,
      10,
      24,
      11,
      24,
      11,
      24,
      10,
      24,
      11,
      24,
      10,
      24,
      11,
      24,
      10,
      24,
      11,
      24,
      10,
      24,
      11,
      24,
      11,
      23,
      11,
      24,
      11,
      24,
      10,
      24,
      11,
      59,
      11,
      59,
      11,
      24,
      11,
      59,
      11,
      24,
      10,
      24,
      11,
      24,
      10,
      60,
      10,
      60,
      11,
      24,
      10,
      24,
      11,
      24,
      10,
      24,
      11,
      24,
      10,
      24,
      11,
      24,
      10,
      24,
      11,
      24,
      11,
      59,
      11,
      24,
      10,
      24,
      11,
      24,
      10,
      24,
      11,
      24,
      11,
      24,
      10,
      24,
      11,
      59,
      11,
      24,
      10,
      24,
      11,
      24,
      10,
      60,
      11,
      0,
      13,
      5,
      0,
      0,
      0,
      0,
      0,
      0,
      0,
      0,
      0,
      0,
      0,
      0
    ]
  },
  {
    "id": 23,
    "buttonId": 17,
    "name": "",
    "order": 0,
    "delay": 0,
    "code": [
      38,
      0,
      76,
      1,
      -91,
      71,
      11,
      59,
      11,
      24,
      10,
      24,
      11,
      24,
      10,
      60,
      11,
      24,
      10,
      24,
      11,
      24,
      10,
      24,
      11,
      59,
      11,
      24,
      10,
      60,
      11,
      59,
      11,
      24,
      10,
      60,
      10,
      60,
      10,
      60,
      11,
      59,
      11,
      59,
      11,
      24,
      10,
      24,
      11,
      59,
      11,
      24,
      11,
      24,
      10,
      24,
      11,
      24,
      10,
      24,
      11,
      24,
      10,
      60,
      11,
      59,
      11,
      59,
      12,
      58,
      11,
      59,
      11,
      24,
      11,
      59,
      11,
      59,
      11,
      24,
      10,
      24,
      11,
      24,
      10,
      24,
      11,
      24,
      11,
      23,
      11,
      24,
      11,
      24,
      10,
      24,
      11,
      24,
      10,
      24,
      11,
      24,
      10,
      60,
      11,
      59,
      11,
      59,
      11,
      59,
      11,
      24,
      10,
      24,
      11,
      24,
      11,
      23,
      11,
      0,
      3,
      -54,
      -91,
      71,
      12,
      58,
      11,
      24,
      10,
      24,
      11,
      24,
      10,
      60,
      11,
      24,
      10,
      24,
      11,
      24,
      10,
      24,
      11,
      59,
      11,
      24,
      11,
      59,
      11,
      59,
      11,
      24,
      10,
      60,
      10,
      60,
      10,
      60,
      11,
      59,
      11,
      59,
      11,
      24,
      10,
      24,
      11,
      59,
      11,
      24,
      11,
      23,
      11,
      24,
      11,
      24,
      10,
      24,
      11,
      24,
      10,
      24,
      11,
      24,
      10,
      24,
      11,
      24,
      11,
      59,
      11,
      59,
      11,
      24,
      10,
      24,
      11,
      59,
      11,
      24,
      11,
      59,
      11,
      59,
      11,
      24,
      10,
      24,
      11,
      24,
      11,
      23,
      11,
      60,
      10,
      60,
      10,
      24,
      11,
      24,
      10,
      60,
      11,
      23,
      11,
      24,
      11,
      24,
      10,
      60,
      10,
      24,
      11,
      59,
      11,
      24,
      11,
      23,
      11,
      24,
      11,
      24,
      10,
      24,
      11,
      24,
      10,
      24,
      11,
      24,
      10,
      24,
      11,
      24,
      11,
      24,
      10,
      24,
      11,
      24,
      10,
      24,
      11,
      24,
      10,
      24,
      11,
      24,
      11,
      23,
      11,
      60,
      11,
      59,
      10,
      24,
      11,
      59,
      11,
      24,
      11,
      23,
      11,
      24,
      11,
      59,
      11,
      59,
      11,
      24,
      10,
      24,
      11,
      24,
      11,
      23,
      11,
      24,
      11,
      24,
      10,
      24,
      11,
      24,
      10,
      24,
      11,
      59,
      11,
      24,
      11,
      24,
      10,
      24,
      11,
      24,
      10,
      60,
      10,
      60,
      10,
      60,
      11,
      24,
      10,
      24,
      11,
      24,
      10,
      24,
      11,
      59,
      11,
      0,
      13,
      5,
      0,
      0,
      0,
      0,
      0,
      0,
      0,
      0,
      0,
      0,
      0,
      0
    ]
  },
  {
    "id": 25,
    "buttonId": 18,
    "name": "",
    "order": 0,
    "delay": 0,
    "code": [
      38,
      0,
      76,
      1,
      -89,
      69,
      13,
      57,
      11,
      24,
      11,
      24,
      10,
      24,
      11,
      59,
      11,
      24,
      10,
      24,
      11,
      24,
      11,
      24,
      10,
      60,
      10,
      24,
      11,
      59,
      11,
      59,
      11,
      24,
      11,
      59,
      11,
      59,
      11,
      59,
      11,
      59,
      12,
      59,
      11,
      23,
      12,
      23,
      13,
      57,
      13,
      21,
      13,
      22,
      12,
      23,
      11,
      23,
      13,
      22,
      13,
      21,
      13,
      57,
      13,
      57,
      13,
      57,
      13,
      57,
      14,
      57,
      13,
      21,
      13,
      57,
      13,
      57,
      13,
      22,
      13,
      22,
      13,
      21,
      13,
      22,
      13,
      21,
      13,
      22,
      13,
      21,
      13,
      22,
      13,
      22,
      12,
      22,
      13,
      22,
      13,
      21,
      13,
      57,
      13,
      57,
      13,
      57,
      14,
      57,
      13,
      21,
      13,
      22,
      13,
      21,
      13,
      22,
      13,
      0,
      3,
      -57,
      -89,
      69,
      13,
      57,
      13,
      22,
      13,
      22,
      13,
      21,
      13,
      57,
      13,
      22,
      13,
      21,
      13,
      22,
      13,
      22,
      12,
      58,
      13,
      21,
      13,
      57,
      13,
      57,
      13,
      22,
      13,
      57,
      13,
      57,
      13,
      57,
      13,
      57,
      13,
      57,
      13,
      22,
      13,
      22,
      13,
      57,
      13,
      21,
      13,
      22,
      13,
      21,
      13,
      22,
      13,
      22,
      12,
      22,
      13,
      22,
      13,
      21,
      13,
      22,
      13,
      21,
      13,
      57,
      13,
      57,
      14,
      21,
      13,
      22,
      13,
      57,
      13,
      21,
      13,
      57,
      13,
      57,
      14,
      21,
      13,
      22,
      13,
      21,
      13,
      22,
      13,
      57,
      13,
      57,
      13,
      22,
      13,
      21,
      13,
      57,
      13,
      22,
      13,
      21,
      13,
      22,
      13,
      57,
      13,
      22,
      13,
      57,
      13,
      21,
      13,
      22,
      13,
      21,
      13,
      22,
      13,
      21,
      13,
      22,
      13,
      22,
      13,
      21,
      13,
      22,
      13,
      21,
      13,
      22,
      13,
      21,
      13,
      22,
      13,
      22,
      12,
      22,
      13,
      22,
      13,
      21,
      13,
      22,
      13,
      57,
      13,
      57,
      13,
      22,
      13,
      57,
      13,
      21,
      13,
      22,
      13,
      21,
      13,
      57,
      13,
      57,
      14,
      21,
      13,
      22,
      13,
      21,
      13,
      22,
      13,
      21,
      13,
      22,
      13,
      22,
      12,
      22,
      13,
      22,
      13,
      57,
      13,
      21,
      13,
      22,
      13,
      21,
      13,
      22,
      13,
      57,
      13,
      57,
      13,
      57,
      13,
      22,
      13,
      21,
      13,
      22,
      13,
      22,
      12,
      58,
      13,
      0,
      13,
      5,
      0,
      0,
      0,
      0,
      0,
      0,
      0,
      0,
      0,
      0,
      0,
      0
    ]
  },
  {
    "id": 26,
    "buttonId": 19,
    "name": "",
    "order": 0,
    "delay": 0,
    "code": [
      38,
      0,
      24,
      1,
      -109,
      -109,
      18,
      56,
      20,
      54,
      18,
      56,
      19,
      18,
      19,
      18,
      19,
      18,
      18,
      19,
      18,
      19,
      20,
      54,
      19,
      54,
      18,
      56,
      18,
      19,
      20,
      18,
      19,
      17,
      20,
      17,
      18,
      20,
      17,
      20,
      19,
      54,
      20,
      17,
      20,
      18,
      19,
      18,
      17,
      20,
      19,
      18,
      19,
      18,
      20,
      54,
      17,
      20,
      19,
      54,
      20,
      54,
      20,
      54,
      18,
      56,
      19,
      54,
      18,
      56,
      20,
      0,
      5,
      -3,
      -109,
      -109,
      20,
      54,
      20,
      54,
      19,
      54,
      18,
      20,
      19,
      18,
      19,
      18,
      19,
      18,
      19,
      18,
      20,
      54,
      19,
      54,
      20,
      54,
      18,
      19,
      20,
      17,
      20,
      17,
      20,
      17,
      20,
      17,
      20,
      17,
      18,
      56,
      20,
      17,
      20,
      17,
      20,
      17,
      18,
      19,
      20,
      18,
      19,
      18,
      20,
      53,
      20,
      17,
      20,
      54,
      20,
      54,
      20,
      54,
      18,
      55,
      20,
      54,
      20,
      54,
      20,
      0,
      5,
      -3,
      -110,
      -108,
      20,
      54,
      18,
      56,
      19,
      54,
      20,
      17,
      20,
      18,
      17,
      20,
      19,
      18,
      19,
      18,
      19,
      54,
      18,
      56,
      20,
      54,
      19,
      18,
      20,
      17,
      18,
      19,
      20,
      17,
      20,
      17,
      20,
      17,
      18,
      56,
      20,
      17,
      20,
      17,
      20,
      17,
      20,
      17,
      18,
      20,
      17,
      20,
      17,
      56,
      20,
      17,
      20,
      54,
      18,
      56,
      19,
      55,
      19,
      54,
      20,
      54,
      20,
      54,
      19,
      0,
      5,
      -1,
      -109,
      -109,
      18,
      56,
      18,
      56,
      18,
      55,
      18,
      20,
      19,
      18,
      17,
      20,
      19,
      18,
      18,
      19,
      18,
      56,
      17,
      56,
      18,
      56,
      18,
      19,
      18,
      19,
      18,
      19,
      18,
      19,
      18,
      20,
      17,
      20,
      17,
      56,
      18,
      19,
      18,
      20,
      17,
      20,
      17,
      20,
      17,
      20,
      18,
      19,
      18,
      55,
      18,
      20,
      17,
      56,
      18,
      56,
      18,
      56,
      18,
      55,
      18,
      56,
      18,
      56,
      18,
      0,
      13,
      5
    ]
  },
  {
    "id": 27,
    "buttonId": 20,
    "name": "",
    "order": 0,
    "delay": 0,
    "code": [
      38,
      0,
      -92,
      1,
      -110,
      -108,
      18,
      56,
      17,
      56,
      18,
      56,
      18,
      19,
      18,
      19,
      18,
      19,
      18,
      19,
      18,
      20,
      17,
      56,
      18,
      56,
      18,
      56,
      17,
      20,
      18,
      19,
      18,
      19,
      18,
      19,
      18,
      19,
      18,
      56,
      18,
      56,
      17,
      20,
      17,
      56,
      18,
      19,
      18,
      19,
      18,
      20,
      17,
      56,
      18,
      19,
      18,
      19,
      18,
      56,
      18,
      19,
      18,
      56,
      18,
      56,
      17,
      56,
      18,
      19,
      18,
      0,
      6,
      1,
      -110,
      -108,
      18,
      56,
      18,
      56,
      17,
      56,
      18,
      19,
      18,
      19,
      18,
      19,
      18,
      20,
      17,
      20,
      17,
      56,
      18,
      56,
      18,
      56,
      18,
      19,
      18,
      19,
      18,
      19,
      18,
      19,
      18,
      19,
      18,
      56,
      18,
      56,
      17,
      20,
      18,
      55,
      18,
      20,
      17,
      20,
      17,
      20,
      17,
      56,
      18,
      20,
      17,
      20,
      17,
      56,
      18,
      19,
      18,
      56,
      18,
      56,
      18,
      55,
      18,
      20,
      17,
      0,
      6,
      1,
      -109,
      -109,
      18,
      56,
      18,
      56,
      18,
      55,
      18,
      20,
      17,
      20,
      17,
      20,
      17,
      20,
      18,
      19,
      18,
      56,
      17,
      56,
      18,
      56,
      18,
      19,
      18,
      19,
      18,
      19,
      18,
      19,
      18,
      19,
      18,
      56,
      18,
      56,
      18,
      19,
      18,
      56,
      17,
      20,
      18,
      19,
      18,
      19,
      18,
      56,
      17,
      20,
      18,
      19,
      18,
      55,
      18,
      20,
      17,
      56,
      18,
      56,
      18,
      56,
      18,
      19,
      18,
      0,
      6,
      2,
      -110,
      -108,
      18,
      55,
      18,
      56,
      18,
      56,
      18,
      19,
      18,
      19,
      18,
      19,
      18,
      19,
      18,
      19,
      18,
      56,
      18,
      56,
      18,
      56,
      17,
      20,
      17,
      20,
      17,
      20,
      18,
      19,
      18,
      19,
      18,
      56,
      17,
      56,
      18,
      19,
      18,
      56,
      18,
      19,
      18,
      19,
      18,
      19,
      18,
      56,
      18,
      19,
      18,
      19,
      18,
      56,
      18,
      19,
      18,
      56,
      18,
      56,
      17,
      56,
      18,
      19,
      18,
      0,
      6,
      1,
      -110,
      -108,
      18,
      56,
      17,
      56,
      18,
      56,
      18,
      19,
      18,
      19,
      18,
      19,
      18,
      19,
      18,
      20,
      17,
      56,
      18,
      56,
      18,
      56,
      17,
      20,
      18,
      19,
      18,
      19,
      18,
      19,
      18,
      19,
      18,
      56,
      18,
      56,
      17,
      20,
      17,
      56,
      18,
      19,
      18,
      19,
      18,
      20,
      17,
      56,
      18,
      19,
      18,
      19,
      18,
      56,
      18,
      19,
      18,
      56,
      18,
      56,
      17,
      56,
      18,
      20,
      17,
      0,
      6,
      1,
      -110,
      -108,
      18,
      56,
      18,
      56,
      17,
      55,
      19,
      19,
      18,
      19,
      18,
      20,
      17,
      20,
      17,
      20,
      17,
      56,
      18,
      56,
      18,
      56,
      18,
      19,
      18,
      19,
      18,
      19,
      18,
      19,
      18,
      19,
      18,
      56,
      18,
      56,
      18,
      19,
      18,
      56,
      17,
      20,
      17,
      20,
      17,
      20,
      18,
      55,
      18,
      20,
      17,
      20,
      17,
      56,
      18,
      19,
      18,
      56,
      18,
      56,
      18,
      56,
      17,
      20,
      17,
      0,
      13,
      5,
      0,
      0,
      0,
      0
    ]
  },
  {
    "id": 28,
    "buttonId": 21,
    "name": "",
    "order": 0,
    "delay": 0,
    "code": [
      -23,
      20,
      70,
      0,
      -33,
      9,
      22,
      9,
      22,
      9,
      9,
      22,
      22,
      9,
      9,
      22,
      22,
      9,
      9,
      22,
      22,
      9,
      9,
      22,
      9,
      22,
      9,
      22,
      22,
      9,
      22,
      9,
      22,
      9,
      22,
      9,
      22,
      9,
      22,
      9,
      22,
      9,
      9,
      22,
      9,
      22,
      22,
      9,
      9,
      22,
      22,
      9,
      9,
      22,
      9,
      22,
      22,
      9,
      22,
      9,
      9,
      22,
      22,
      9,
      22,
      9,
      22,
      9,
      22,
      9,
      9,
      0,
      1,
      72
    ]
  },
  {
    "id": 29,
    "buttonId": 22,
    "name": "",
    "order": 0,
    "delay": 0,
    "code": [
      -23,
      20,
      70,
      0,
      -33,
      9,
      9,
      22,
      9,
      22,
      22,
      9,
      22,
      9,
      22,
      9,
      9,
      22,
      9,
      22,
      9,
      22,
      22,
      9,
      9,
      22,
      9,
      22,
      22,
      9,
      9,
      22,
      9,
      22,
      22,
      9,
      9,
      22,
      22,
      9,
      22,
      9,
      9,
      22,
      9,
      22,
      9,
      22,
      9,
      22,
      22,
      9,
      22,
      9,
      9,
      22,
      9,
      22,
      9,
      22,
      22,
      9,
      9,
      22,
      22,
      9,
      9,
      22,
      9,
      22,
      9,
      0,
      1,
      72
    ]
  },
  {
    "id": 30,
    "buttonId": 23,
    "name": "",
    "order": 0,
    "delay": 0,
    "code": [
      -23,
      20,
      70,
      0,
      -33,
      9,
      9,
      22,
      9,
      22,
      9,
      22,
      22,
      9,
      9,
      22,
      9,
      22,
      22,
      9,
      22,
      9,
      9,
      22,
      22,
      9,
      9,
      22,
      9,
      22,
      22,
      9,
      9,
      22,
      9,
      22,
      22,
      9,
      9,
      22,
      22,
      9,
      9,
      22,
      22,
      9,
      9,
      22,
      9,
      22,
      9,
      22,
      22,
      9,
      9,
      22,
      9,
      22,
      22,
      9,
      9,
      22,
      9,
      22,
      22,
      9,
      22,
      9,
      22,
      9,
      9,
      0,
      1,
      72
    ]
  },
  {
    "id": 31,
    "buttonId": 24,
    "name": "",
    "order": 0,
    "delay": 0,
    "code": [
      -23,
      20,
      70,
      0,
      -33,
      9,
      22,
      9,
      9,
      22,
      22,
      9,
      22,
      9,
      22,
      9,
      9,
      22,
      9,
      22,
      9,
      22,
      22,
      9,
      22,
      9,
      9,
      22,
      22,
      9,
      9,
      22,
      9,
      22,
      22,
      9,
      22,
      9,
      9,
      22,
      22,
      9,
      22,
      9,
      22,
      9,
      22,
      9,
      22,
      9,
      22,
      9,
      9,
      22,
      9,
      22,
      22,
      9,
      22,
      9,
      9,
      22,
      9,
      22,
      22,
      9,
      22,
      9,
      9,
      22,
      9,
      0,
      1,
      72
    ]
  },
  {
    "id": 32,
    "buttonId": 25,
    "name": "",
    "order": 0,
    "delay": 0,
    "code": [
      -23,
      20,
      70,
      0,
      -33,
      9,
      22,
      9,
      22,
      9,
      9,
      22,
      9,
      22,
      22,
      9,
      9,
      22,
      9,
      22,
      9,
      22,
      9,
      22,
      22,
      9,
      22,
      9,
      9,
      22,
      9,
      22,
      22,
      9,
      22,
      9,
      22,
      9,
      9,
      22,
      9,
      22,
      9,
      22,
      22,
      9,
      9,
      22,
      9,
      22,
      9,
      22,
      9,
      22,
      22,
      9,
      9,
      22,
      9,
      22,
      9,
      22,
      9,
      22,
      9,
      22,
      9,
      22,
      9,
      22,
      9,
      0,
      1,
      72
    ]
  },
  {
    "id": 33,
    "buttonId": 26,
    "name": "",
    "order": 0,
    "delay": 0,
    "code": [
      -23,
      20,
      70,
      0,
      -33,
      9,
      22,
      9,
      22,
      9,
      9,
      22,
      9,
      22,
      22,
      9,
      22,
      9,
      9,
      22,
      9,
      22,
      22,
      9,
      22,
      9,
      22,
      9,
      22,
      9,
      9,
      22,
      22,
      9,
      22,
      9,
      9,
      22,
      9,
      22,
      9,
      22,
      9,
      22,
      22,
      9,
      9,
      22,
      9,
      22,
      22,
      9,
      9,
      22,
      9,
      22,
      22,
      9,
      9,
      22,
      22,
      9,
      9,
      22,
      22,
      9,
      22,
      9,
      22,
      9,
      9,
      0,
      1,
      72
    ]
  },
  {
    "id": 35,
    "buttonId": 27,
    "name": "",
    "order": 0,
    "delay": 0,
    "code": [
      38,
      0,
      76,
      1,
      -89,
      69,
      13,
      57,
      13,
      22,
      12,
      22,
      13,
      22,
      13,
      57,
      13,
      22,
      12,
      22,
      11,
      24,
      12,
      22,
      13,
      57,
      11,
      24,
      11,
      59,
      13,
      57,
      13,
      22,
      12,
      58,
      11,
      59,
      13,
      57,
      13,
      57,
      11,
      59,
      13,
      22,
      12,
      22,
      13,
      58,
      12,
      22,
      13,
      22,
      12,
      22,
      13,
      22,
      12,
      22,
      12,
      23,
      12,
      58,
      12,
      58,
      13,
      57,
      11,
      59,
      13,
      57,
      13,
      22,
      11,
      59,
      13,
      57,
      13,
      22,
      10,
      24,
      13,
      22,
      12,
      22,
      13,
      22,
      12,
      23,
      10,
      24,
      11,
      24,
      10,
      24,
      11,
      24,
      10,
      24,
      11,
      24,
      11,
      59,
      11,
      59,
      11,
      59,
      11,
      59,
      11,
      24,
      11,
      23,
      11,
      24,
      11,
      24,
      12,
      0,
      3,
      -56,
      -91,
      71,
      11,
      59,
      13,
      22,
      10,
      24,
      11,
      24,
      10,
      60,
      11,
      23,
      11,
      24,
      11,
      24,
      10,
      24,
      11,
      59,
      11,
      24,
      10,
      60,
      11,
      59,
      11,
      24,
      10,
      60,
      10,
      60,
      10,
      60,
      11,
      59,
      11,
      59,
      12,
      23,
      10,
      24,
      11,
      59,
      11,
      24,
      11,
      24,
      10,
      24,
      11,
      24,
      10,
      24,
      11,
      24,
      10,
      24,
      11,
      24,
      10,
      24,
      11,
      24,
      11,
      59,
      11,
      59,
      11,
      24,
      10,
      24,
      11,
      59,
      11,
      24,
      11,
      59,
      11,
      59,
      11,
      59,
      11,
      24,
      10,
      24,
      11,
      24,
      11,
      59,
      11,
      59,
      11,
      24,
      10,
      24,
      11,
      59,
      11,
      24,
      11,
      24,
      10,
      24,
      11,
      59,
      11,
      24,
      10,
      60,
      10,
      24,
      11,
      24,
      11,
      23,
      11,
      24,
      11,
      24,
      10,
      24,
      11,
      24,
      10,
      24,
      11,
      24,
      10,
      24,
      11,
      24,
      11,
      24,
      10,
      24,
      11,
      24,
      10,
      24,
      11,
      24,
      10,
      24,
      11,
      24,
      11,
      23,
      11,
      24,
      11,
      24,
      10,
      60,
      10,
      24,
      11,
      24,
      10,
      24,
      11,
      24,
      11,
      23,
      11,
      59,
      11,
      24,
      11,
      24,
      10,
      24,
      11,
      24,
      10,
      24,
      11,
      24,
      11,
      24,
      10,
      24,
      11,
      59,
      11,
      24,
      10,
      24,
      11,
      24,
      10,
      24,
      11,
      59,
      11,
      60,
      10,
      24,
      11,
      24,
      10,
      24,
      11,
      24,
      10,
      24,
      11,
      59,
      11,
      0,
      13,
      5,
      0,
      0,
      0,
      0,
      0,
      0,
      0,
      0,
      0,
      0,
      0,
      0
    ]
  },
  {
    "id": 36,
    "buttonId": 28,
    "name": "",
    "order": 0,
    "delay": 0,
    "code": [
      38,
      0,
      76,
      1,
      -90,
      70,
      12,
      58,
      12,
      22,
      13,
      22,
      12,
      23,
      10,
      60,
      12,
      22,
      11,
      24,
      10,
      24,
      13,
      22,
      12,
      58,
      12,
      23,
      12,
      58,
      10,
      60,
      12,
      22,
      13,
      57,
      13,
      58,
      12,
      58,
      10,
      60,
      12,
      58,
      12,
      22,
      11,
      24,
      11,
      59,
      12,
      23,
      12,
      22,
      11,
      24,
      10,
      24,
      11,
      24,
      11,
      23,
      11,
      59,
      11,
      60,
      12,
      58,
      12,
      58,
      10,
      60,
      12,
      23,
      12,
      58,
      12,
      58,
      12,
      22,
      11,
      24,
      12,
      22,
      13,
      22,
      12,
      22,
      11,
      24,
      12,
      23,
      10,
      24,
      13,
      22,
      12,
      22,
      13,
      22,
      12,
      22,
      13,
      57,
      13,
      58,
      12,
      58,
      10,
      60,
      10,
      24,
      11,
      24,
      11,
      23,
      11,
      24,
      11,
      0,
      3,
      -55,
      -89,
      69,
      13,
      58,
      10,
      24,
      11,
      24,
      10,
      24,
      11,
      59,
      11,
      24,
      11,
      24,
      10,
      24,
      11,
      24,
      10,
      60,
      10,
      24,
      11,
      59,
      11,
      59,
      11,
      24,
      11,
      59,
      11,
      59,
      11,
      59,
      11,
      59,
      11,
      60,
      10,
      24,
      11,
      24,
      10,
      60,
      11,
      23,
      11,
      24,
      11,
      23,
      11,
      24,
      11,
      24,
      10,
      24,
      11,
      24,
      10,
      24,
      11,
      24,
      10,
      24,
      11,
      59,
      11,
      60,
      10,
      24,
      11,
      24,
      10,
      60,
      10,
      24,
      11,
      59,
      11,
      60,
      10,
      60,
      10,
      24,
      11,
      24,
      10,
      24,
      11,
      59,
      11,
      60,
      10,
      24,
      11,
      24,
      10,
      60,
      10,
      24,
      11,
      24,
      11,
      23,
      11,
      60,
      10,
      24,
      11,
      59,
      11,
      24,
      10,
      24,
      11,
      24,
      11,
      24,
      10,
      24,
      11,
      24,
      10,
      24,
      11,
      24,
      10,
      24,
      11,
      24,
      10,
      24,
      11,
      24,
      11,
      24,
      10,
      24,
      11,
      24,
      10,
      24,
      11,
      24,
      10,
      24,
      11,
      24,
      11,
      23,
      11,
      24,
      11,
      59,
      11,
      24,
      10,
      24,
      11,
      24,
      10,
      60,
      11,
      59,
      11,
      59,
      11,
      24,
      10,
      24,
      11,
      24,
      10,
      24,
      11,
      24,
      11,
      23,
      11,
      24,
      11,
      24,
      10,
      60,
      10,
      24,
      11,
      24,
      10,
      24,
      11,
      24,
      11,
      23,
      11,
      60,
      10,
      60,
      10,
      24,
      11,
      24,
      10,
      24,
      11,
      24,
      11,
      59,
      11,
      0,
      13,
      5,
      0,
      0,
      0,
      0,
      0,
      0,
      0,
      0,
      0,
      0,
      0,
      0
    ]
  }
]